keywords
best earbuds for kids
best bluetooth hearing protection
best portable dac amp
best headphones for swimming
best headphones for asmr
best earbuds for swimming
best dac amp combo
best noise cancelling headphones under 200;
best ear muffs for shooting
best portable dac
best swimming headphones
best bluetooth adapter for tv
best noise cancelling headphones under $200
best tube headphone amp